length filesize output_filesize CPU_demand deadline 
26093	445	46	1	95	
19975	466	41	1	95	
11078	382	22	1	65	
13634	387	32	1	65	
13187	356	32	1	95	
24090	238	37	1	95	
11760	158	29	1	40	
17636	471	29	1	95	
11924	136	38	1	40	
17510	209	30	1	65	
14732	165	37	1	40	
22561	178	20	1	40	
29858	128	41	1	95	
18915	371	31	1	40	
29816	377	34	1	95	
20350	408	30	1	40	
14291	262	45	1	95	
14698	325	28	1	95	
21966	201	27	1	40	
25581	489	23	1	65	
14660	205	45	1	95	
26529	296	20	1	95	
18865	249	40	1	65	
28869	223	50	1	95	
20510	275	32	1	65	
29460	296	49	1	95	
18329	201	27	1	95	
14993	495	34	1	65	
22759	323	22	1	65	
14195	415	43	1	95	
11839	373	42	1	95	
12003	222	47	1	95	
25599	152	41	1	95	
10135	306	20	1	95	
27867	248	43	1	65	
12163	202	29	1	65	
21775	143	36	1	65	
23906	185	31	1	40	
22718	369	39	1	95	
23233	276	37	1	65	
28760	251	27	1	40	
13567	477	37	1	40	
10887	406	47	1	65	
23180	236	41	1	95	
24566	478	41	1	65	
10427	417	42	1	95	
17863	144	21	1	65	
22267	181	29	1	65	
13745	258	30	1	95	
29053	265	48	1	65	
27380	367	44	1	40	
28604	200	43	1	40	
13593	374	23	1	95	
19306	411	22	1	65	
27899	382	25	1	65	
29803	429	22	1	95	
23103	471	40	1	40	
19060	337	37	1	95	
15999	380	23	1	65	
12352	193	20	1	65	
19974	330	43	1	40	
18247	339	43	1	40	
13752	316	47	1	40	
17972	408	29	1	65	
22793	188	27	1	40	
14400	189	38	1	65	
13729	447	30	1	65	
10930	373	21	1	95	
19256	408	34	1	40	
22973	346	48	1	95	
20904	141	31	1	40	
29555	317	42	1	65	
26425	251	50	1	95	
26098	333	40	1	40	
27716	405	26	1	65	
16551	358	32	1	40	
25404	169	34	1	40	
25406	347	25	1	40	
10817	304	37	1	65	
29996	105	48	1	95	
25078	259	27	1	95	
14072	285	48	1	40	
25362	253	43	1	95	
23092	475	39	1	65	
23128	416	38	1	40	
27989	131	39	1	40	
22014	108	42	1	40	
14172	119	37	1	65	
17921	234	42	1	65	
10138	362	37	1	95	
20557	485	26	1	40	
12461	370	39	1	95	
17128	409	26	1	95	
26927	476	30	1	40	
18349	226	47	1	95	
25879	381	45	1	95	
23837	144	29	1	65	
15506	275	42	1	40	
28213	240	37	1	40	
25746	139	31	1	65	
18400	220	28	1	65	
18908	160	34	1	95	
13821	463	45	1	65	
20205	432	22	1	65	
29363	280	22	1	40	
25814	127	43	1	40	
20113	224	49	1	95	
16468	315	45	1	65	
28880	246	29	1	65	
17659	431	23	1	40	
29019	210	34	1	40	
12925	154	23	1	95	
20680	110	21	1	95	
11865	112	49	1	95	
23826	464	36	1	40	
10381	486	50	1	65	
26769	314	26	1	65	
18433	238	37	1	65	
27753	481	45	1	95	
21484	454	49	1	40	
25423	460	33	1	65	
20468	142	38	1	95	
12349	217	41	1	65	
23976	138	33	1	95	
25463	284	26	1	40	
10576	141	31	1	65	
21556	199	21	1	65	
10743	387	34	1	95	
16606	136	49	1	65	
19997	336	20	1	65	
24287	341	29	1	95	
19153	122	48	1	65	
21515	281	32	1	95	
29811	120	31	1	40	
25427	336	22	1	40	
24751	316	32	1	65	
18263	106	43	1	95	
17742	302	20	1	95	
12596	192	36	1	95	
28946	453	27	1	95	
29648	333	30	1	40	
28524	378	34	1	40	
16948	277	30	1	40	
29598	132	39	1	40	
17528	220	46	1	40	
22395	465	32	1	95	
14514	341	31	1	40	
10125	400	24	1	65	
26360	126	37	1	65	
11042	346	30	1	65	
21059	435	39	1	95	
19661	347	34	1	40	
16819	211	37	1	95	
12073	274	34	1	65	
13912	311	21	1	40	
21573	272	38	1	40	
14923	418	40	1	65	
24139	314	50	1	40	
21749	132	45	1	40	
14265	194	24	1	95	
15129	471	42	1	65	
15345	470	21	1	65	
17370	458	35	1	40	
21006	439	39	1	65	
17432	192	44	1	65	
18161	258	29	1	95	
21921	423	45	1	95	
28503	355	45	1	40	
23111	449	48	1	65	
23989	199	36	1	40	
19531	258	35	1	95	
15154	354	38	1	40	
13890	371	20	1	40	
29381	371	50	1	65	
25252	435	41	1	95	
21572	206	23	1	95	
22587	150	42	1	40	
15458	208	50	1	65	
18568	229	22	1	40	
12320	439	38	1	65	
10876	333	28	1	65	
22384	469	36	1	40	
24609	325	44	1	95	
17030	299	35	1	95	
24328	494	46	1	40	
14467	414	24	1	40	
28263	252	39	1	95	
20279	207	29	1	95	
13718	137	32	1	95	
22083	474	40	1	65	
22318	377	37	1	40	
25773	358	33	1	65	
20318	426	26	1	95	
28916	436	23	1	95	
28070	250	48	1	95	
12022	480	49	1	40	
13363	458	48	1	40	
26216	489	22	1	95	
17574	173	25	1	40	
19266	121	46	1	95	
15534	384	29	1	40	
16903	259	48	1	65	
11208	208	45	1	40	
24839	493	32	1	95	
28991	305	22	1	40	
27002	139	39	1	40	
13364	405	39	1	65	
26185	125	27	1	95	
18260	112	27	1	65	
20054	290	49	1	40	
12773	215	29	1	65	
13325	387	29	1	40	
12910	252	49	1	65	
13536	299	24	1	40	
25390	120	34	1	65	
20753	164	41	1	40	
14151	206	39	1	65	
17112	402	49	1	95	
13934	432	30	1	65	
13430	361	32	1	40	
17270	489	50	1	65	
14055	387	38	1	95	
15709	272	48	1	65	
24071	192	25	1	40	
12747	364	20	1	40	
26492	446	39	1	40	
26677	271	45	1	65	
10127	219	46	1	95	
23826	243	41	1	40	
29154	208	33	1	65	
29831	357	39	1	40	
20367	154	21	1	95	
25973	487	20	1	40	
19460	198	38	1	40	
25669	262	42	1	95	
19998	191	42	1	40	
24073	161	24	1	40	
16773	219	27	1	95	
16792	285	39	1	40	
19035	197	21	1	65	
24707	199	38	1	65	
28817	227	37	1	95	
13043	421	47	1	95	
28182	477	36	1	95	
18266	481	45	1	65	
27781	214	30	1	95	
18754	257	26	1	65	
29833	480	44	1	95	
14916	185	47	1	40	
11445	206	44	1	95	
17360	486	40	1	40	
22825	112	31	1	95	
24189	201	28	1	95	
18789	106	36	1	40	
10180	154	34	1	65	
16148	496	35	1	65	
24617	257	38	1	40	
23588	318	35	1	65	
26081	298	36	1	40	
16055	147	37	1	95	
10960	206	41	1	40	
15417	191	33	1	40	
13260	304	33	1	40	
23483	138	24	1	40	
27162	143	31	1	40	
28555	400	20	1	40	
25193	301	42	1	95	
20561	475	37	1	65	
22359	369	45	1	65	
14105	257	29	1	65	
14455	181	37	1	65	
12186	257	38	1	40	
16309	118	43	1	65	
21393	181	38	1	40	
12153	429	41	1	95	
26307	322	35	1	40	
20386	184	27	1	65	
12481	424	37	1	65	
20676	103	30	1	65	
26022	383	33	1	40	
18670	232	47	1	95	
19034	132	35	1	40	
10804	158	40	1	95	
20787	346	34	1	65	
10237	145	35	1	95	
23581	425	25	1	95	
11958	433	20	1	65	
20448	363	50	1	40	
29365	223	35	1	95	
13630	143	45	1	40	
11183	113	26	1	95	
20994	463	25	1	95	
18411	390	42	1	95	
24249	466	35	1	65	
26359	170	28	1	40	
20948	228	41	1	40	
14388	373	27	1	65	
18624	271	26	1	40	
27396	430	36	1	65	
25028	121	23	1	65	
20355	198	20	1	40	
17058	260	47	1	65	
10570	468	26	1	40	
27755	462	28	1	95	
23228	250	50	1	65	
11118	143	30	1	95	
19325	124	22	1	65	
23383	173	30	1	95	
16687	426	34	1	65	
24707	460	30	1	95	
26695	173	27	1	65	
16236	408	41	1	95	
27544	463	45	1	95	
18752	116	46	1	95	
13409	251	26	1	65	
19928	491	30	1	40	
18203	311	30	1	65	
12399	424	48	1	40	
19602	372	27	1	40	
17244	328	29	1	95	
17393	289	23	1	65	
16969	194	28	1	40	
21267	421	21	1	65	
21139	406	28	1	65	
29512	131	29	1	65	
14440	439	43	1	40	
20398	391	48	1	40	
23040	225	34	1	65	
21175	198	31	1	95	
22058	327	41	1	40	
25944	239	50	1	40	
16652	343	37	1	95	
26105	471	49	1	95	
15099	265	31	1	65	
22563	180	20	1	40	
14921	293	40	1	65	
20184	168	27	1	65	
29916	160	34	1	65	
26232	178	32	1	65	
26972	226	38	1	40	
11658	256	34	1	95	
11467	249	49	1	40	
28124	201	44	1	65	
23799	340	28	1	40	
18426	157	26	1	65	
11965	276	24	1	40	
20882	494	30	1	65	
27360	223	29	1	65	
14703	103	44	1	40	
27149	189	49	1	40	
17540	254	26	1	65	
12626	328	26	1	65	
28260	275	28	1	65	
29159	109	24	1	95	
27031	302	41	1	65	
29368	160	26	1	40	
18408	265	23	1	95	
23031	289	32	1	95	
15425	254	26	1	65	
24702	439	38	1	65	
11309	414	30	1	40	
16944	392	32	1	95	
19938	323	35	1	40	
15740	228	43	1	95	
11338	444	40	1	40	
23611	308	28	1	95	
28989	441	37	1	95	
13550	475	25	1	65	
23500	150	23	1	95	
17050	335	27	1	65	
17508	288	47	1	40	
12740	324	28	1	65	
16129	347	44	1	65	
15654	123	27	1	65	
14350	228	41	1	40	
16773	194	36	1	95	
20730	253	45	1	95	
13210	437	27	1	65	
14177	223	38	1	40	
27632	133	29	1	40	
29797	262	45	1	95	
28344	476	23	1	65	
22969	348	49	1	40	
29130	309	21	1	65	
12612	438	28	1	65	
10705	323	45	1	95	
11561	262	25	1	95	
12053	189	21	1	95	
26064	274	38	1	40	
10502	239	21	1	65	
23733	477	32	1	40	
13981	189	27	1	95	
16959	349	35	1	95	
22249	411	41	1	95	
20849	376	22	1	65	
25551	432	38	1	40	
26773	275	48	1	65	
16013	456	30	1	40	
23741	240	34	1	95	
14353	122	41	1	65	
11041	437	44	1	95	
12844	128	32	1	95	
20718	464	40	1	40	
27659	192	39	1	40	
12283	374	28	1	65	
17969	375	34	1	65	
29467	242	40	1	40	
18591	335	36	1	65	
13271	479	33	1	95	
20991	458	29	1	40	
15009	368	33	1	65	
25128	369	32	1	65	
11362	238	47	1	40	
10396	344	36	1	40	
14728	179	29	1	40	
10814	196	31	1	65	
11054	201	39	1	40	
15155	467	27	1	65	
16182	198	23	1	65	
17488	414	32	1	65	
29399	340	29	1	95	
17337	395	49	1	95	
29655	150	23	1	40	
15838	154	33	1	65	
19542	271	28	1	40	
11600	115	29	1	65	
12830	347	30	1	65	
11176	382	20	1	40	
13288	478	50	1	95	
14984	261	28	1	65	
17917	433	35	1	65	
19098	224	26	1	95	
27264	281	34	1	40	
24997	276	31	1	95	
26190	377	44	1	65	
12745	306	42	1	40	
29995	325	22	1	65	
18335	231	28	1	65	
23555	275	24	1	65	
22184	399	48	1	65	
12119	182	21	1	65	
14111	354	46	1	95	
24154	337	40	1	65	
13860	264	34	1	40	
13356	151	32	1	65	
18030	168	23	1	65	
29090	465	38	1	95	
12002	401	29	1	95	
24069	255	24	1	65	
15410	245	27	1	40	
16510	258	47	1	95	
10928	358	33	1	95	
22962	326	38	1	65	
28236	398	21	1	95	
21107	492	31	1	40	
16645	404	41	1	40	
27005	375	45	1	95	
26851	353	31	1	65	
26286	360	27	1	95	
13956	309	41	1	95	
26002	251	24	1	95	
10257	386	37	1	95	
27644	138	32	1	40	
18669	345	30	1	65	
15401	277	21	1	40	
24901	146	32	1	95	
23731	310	43	1	65	
15688	342	25	1	65	
21268	416	36	1	40	
17936	157	29	1	95	
21720	383	38	1	65	
19171	186	30	1	95	
13632	391	34	1	40	
14352	373	33	1	65	
13796	129	34	1	95	
13919	419	49	1	65	
12538	177	30	1	65	
16583	253	25	1	65	
29596	395	23	1	95	
25840	253	25	1	40	
20139	203	50	1	40	
26654	307	22	1	40	
11775	416	34	1	40	
28066	127	24	1	95	
14115	306	42	1	95	
20679	412	29	1	95	
23601	390	40	1	65	
12085	109	49	1	65	
29617	224	35	1	40	
14936	390	29	1	40	
10137	193	39	1	95	
23638	311	45	1	95	
13088	382	29	1	40	
15755	215	22	1	65	
25334	483	48	1	40	
14574	482	46	1	65	
23730	361	46	1	95	
10940	147	20	1	65	
10878	134	50	1	95	
25599	321	39	1	95	
24880	137	39	1	40	
15691	367	36	1	95	
14946	132	46	1	65	
24529	483	32	1	95	
12614	321	34	1	40	
18047	206	45	1	65	
11548	182	30	1	95	
19713	358	35	1	40	
18661	418	37	1	40	
14318	240	36	1	40	
11496	338	49	1	40	
27242	462	27	1	65	
26563	350	23	1	95	
22967	378	32	1	40	
10017	144	29	1	65	
29758	424	44	1	95	
27116	386	20	1	40	
11610	221	33	1	95	
26833	329	29	1	40	
20332	218	26	1	40	
22934	484	43	1	95	
18950	170	36	1	95	
12761	104	38	1	40	
29932	464	31	1	95	
17622	433	23	1	95	
21632	203	39	1	65	
12580	225	22	1	95	
13027	490	44	1	95	
27355	245	35	1	40	
16296	445	31	1	95	
14651	468	40	1	95	
23497	185	45	1	95	
12069	251	22	1	40	
11060	359	45	1	95	
27626	281	25	1	40	
11776	330	49	1	95	
11385	262	37	1	65	
20085	424	49	1	40	
24284	380	25	1	95	
16342	214	50	1	65	
26541	313	28	1	65	
16191	399	32	1	40	
27181	457	22	1	95	
27632	118	21	1	65	
13121	241	48	1	65	
19697	490	33	1	40	
29813	405	33	1	95	
10631	376	48	1	65	
26063	244	25	1	65	
11892	100	22	1	65	
29220	387	24	1	40	
17773	263	47	1	65	
27934	197	46	1	95	
11900	170	46	1	65	
27096	333	44	1	65	
24468	479	38	1	40	
21407	207	49	1	95	
13448	326	28	1	95	
21425	182	43	1	95	
28315	357	25	1	40	
21651	378	21	1	95	
19835	389	24	1	65	
19455	106	23	1	95	
11599	454	48	1	95	
21039	253	46	1	95	
11046	422	26	1	65	
10595	279	30	1	95	
24724	424	29	1	95	
20503	412	46	1	40	
18948	472	28	1	95	
14958	258	32	1	95	
19245	206	48	1	65	
24004	195	41	1	65	
28093	170	42	1	65	
22096	277	24	1	65	
16923	402	28	1	65	
21306	253	49	1	65	
13732	276	23	1	95	
13241	369	24	1	95	
29002	452	41	1	40	
11050	363	40	1	40	
19326	421	20	1	40	
20201	424	49	1	95	
23282	449	27	1	40	
20255	259	50	1	95	
14108	120	31	1	40	
15378	189	45	1	95	
22054	469	44	1	95	
25556	371	32	1	95	
28554	448	34	1	40	
12363	417	41	1	40	
25590	368	41	1	95	
26225	388	31	1	65	
20227	258	29	1	95	
25796	183	21	1	65	
21239	354	22	1	95	
24902	145	38	1	65	
21671	243	48	1	40	
26630	216	29	1	95	
18585	418	23	1	40	
