length filesize output_filesize CPU_demand deadline 
11199	129	27	1	45	
16861	242	50	1	70	
13644	136	21	1	20	
21727	393	46	1	70	
23664	381	31	1	20	
23727	176	27	1	45	
15065	471	34	1	20	
26640	485	30	1	45	
10229	283	27	1	45	
11804	272	22	1	45	
20365	154	30	1	70	
27054	187	41	1	20	
17096	213	37	1	20	
10611	467	21	1	20	
19767	161	43	1	70	
10087	168	30	1	20	
21423	189	49	1	70	
11721	163	49	1	20	
19657	105	29	1	20	
24783	436	22	1	70	
15903	123	45	1	45	
22436	341	32	1	70	
16020	222	34	1	45	
27673	138	43	1	20	
14700	135	40	1	70	
12368	102	33	1	45	
24620	255	37	1	45	
28753	342	35	1	45	
26295	199	42	1	70	
27255	305	44	1	45	
15201	356	33	1	20	
26535	489	39	1	70	
17912	420	27	1	45	
24239	329	43	1	45	
20231	400	21	1	70	
19706	350	21	1	70	
19103	489	26	1	45	
19302	311	36	1	45	
15967	328	28	1	20	
10669	133	45	1	70	
28785	249	28	1	20	
23599	335	44	1	70	
26769	201	35	1	20	
26560	453	24	1	70	
12687	105	40	1	45	
26116	371	39	1	20	
22727	391	49	1	20	
29716	178	21	1	70	
25329	450	20	1	45	
28184	399	23	1	45	
25589	323	49	1	45	
13789	173	27	1	70	
27966	350	34	1	45	
10456	295	30	1	20	
24279	440	25	1	45	
14106	273	35	1	20	
14677	425	24	1	70	
20716	341	34	1	20	
10090	375	41	1	45	
17163	405	31	1	45	
11079	246	39	1	70	
25291	116	42	1	20	
24206	419	48	1	70	
22679	408	34	1	20	
19312	265	20	1	45	
21141	245	37	1	70	
11567	197	31	1	20	
11072	306	26	1	45	
18168	276	35	1	20	
24138	387	35	1	45	
15087	134	27	1	20	
29327	432	35	1	20	
26481	309	20	1	20	
11859	178	38	1	45	
24319	299	48	1	20	
11160	135	28	1	20	
11338	353	45	1	20	
16277	118	34	1	45	
27778	314	40	1	45	
26779	139	34	1	45	
28264	337	36	1	20	
27079	468	44	1	70	
16668	415	30	1	70	
16499	496	24	1	20	
20595	273	46	1	45	
20073	260	27	1	20	
15011	488	35	1	45	
21087	130	39	1	45	
19751	438	40	1	45	
12777	500	32	1	20	
13017	156	22	1	20	
27584	180	42	1	70	
15605	352	21	1	70	
23209	446	42	1	70	
20082	203	47	1	45	
11263	477	26	1	70	
20681	320	31	1	70	
28029	351	25	1	70	
12275	272	22	1	70	
12320	255	49	1	70	
14161	457	42	1	45	
11312	332	27	1	70	
23803	435	42	1	20	
25497	367	47	1	45	
26463	202	37	1	45	
13347	497	34	1	20	
17646	381	32	1	20	
10189	128	46	1	20	
23776	232	31	1	20	
27003	344	28	1	45	
21517	258	46	1	20	
11423	457	36	1	45	
14469	435	24	1	70	
21547	238	45	1	20	
18549	324	31	1	70	
22197	208	34	1	45	
26327	271	36	1	20	
26447	293	23	1	70	
24298	159	32	1	70	
19329	234	48	1	70	
26513	147	26	1	45	
22780	317	50	1	20	
21162	463	22	1	45	
17125	371	22	1	20	
27320	136	25	1	20	
16620	180	39	1	70	
24413	300	32	1	20	
25358	362	47	1	45	
16905	171	34	1	70	
17609	227	39	1	70	
29188	175	45	1	45	
29969	500	30	1	20	
20648	118	43	1	45	
25125	366	34	1	20	
26521	413	36	1	20	
11928	440	48	1	45	
24971	103	32	1	45	
13716	178	34	1	70	
22981	472	25	1	70	
14057	375	45	1	20	
21072	149	45	1	45	
13855	143	25	1	70	
13019	250	36	1	20	
11993	447	26	1	45	
12606	361	36	1	20	
14235	364	45	1	45	
14996	308	26	1	70	
16326	492	46	1	70	
27700	271	20	1	70	
11252	445	29	1	70	
29371	356	32	1	45	
26914	435	42	1	70	
21546	124	38	1	70	
10725	405	46	1	45	
24103	416	47	1	20	
20390	237	34	1	20	
22556	432	32	1	20	
19887	269	43	1	20	
14526	413	33	1	45	
25734	464	29	1	45	
20840	460	39	1	20	
15251	371	31	1	20	
18214	242	25	1	70	
16945	256	23	1	45	
16190	338	28	1	20	
22902	221	30	1	45	
29567	154	20	1	20	
20405	460	39	1	45	
10608	489	40	1	20	
19613	250	46	1	70	
29518	332	21	1	20	
16415	385	31	1	70	
27031	347	26	1	20	
27739	130	46	1	20	
25474	292	25	1	70	
18956	417	21	1	70	
29369	325	50	1	45	
12226	195	37	1	70	
24688	182	40	1	20	
26033	371	20	1	20	
21597	388	31	1	70	
15261	390	49	1	70	
28928	227	24	1	20	
11796	144	41	1	45	
23131	331	22	1	20	
11064	500	25	1	20	
25244	411	43	1	20	
13211	391	39	1	45	
14799	159	24	1	70	
23435	204	22	1	20	
17056	371	47	1	45	
19889	268	50	1	70	
10565	384	24	1	70	
25190	405	43	1	45	
15944	288	37	1	20	
28301	263	38	1	45	
21697	250	46	1	70	
21234	259	29	1	70	
12958	170	22	1	20	
29873	293	30	1	20	
24911	171	39	1	20	
24849	280	23	1	45	
16438	446	46	1	20	
12067	153	22	1	20	
23045	181	45	1	20	
11282	255	38	1	20	
19540	491	23	1	70	
22357	296	20	1	20	
18168	130	45	1	70	
28493	402	23	1	45	
26322	357	29	1	45	
13094	216	41	1	20	
20261	211	23	1	20	
19186	445	33	1	70	
17941	196	29	1	20	
12987	166	42	1	20	
24624	210	47	1	45	
15729	283	28	1	45	
25779	411	44	1	70	
29451	165	34	1	70	
16138	140	26	1	70	
29153	171	22	1	45	
28406	162	29	1	20	
24050	256	49	1	70	
27228	429	20	1	45	
22984	439	42	1	20	
20028	377	30	1	20	
12439	200	32	1	70	
13808	284	29	1	70	
10623	230	38	1	45	
10332	375	48	1	20	
12536	476	41	1	20	
15159	442	38	1	70	
15590	433	37	1	20	
11500	233	24	1	45	
15052	226	45	1	20	
11231	399	21	1	45	
29695	401	40	1	45	
28785	203	43	1	20	
28274	475	48	1	70	
28473	187	21	1	45	
28324	226	28	1	70	
29512	230	31	1	20	
13524	342	34	1	20	
10820	384	48	1	20	
11027	128	30	1	45	
14312	179	41	1	20	
22696	298	50	1	20	
24317	457	44	1	20	
19527	286	40	1	45	
29675	207	33	1	20	
12667	156	23	1	70	
11003	212	47	1	20	
28695	500	35	1	20	
17075	132	44	1	45	
21980	398	22	1	20	
27835	449	44	1	70	
10468	475	31	1	70	
24161	487	49	1	20	
24487	143	38	1	70	
24617	426	45	1	45	
20941	475	30	1	20	
27726	323	27	1	45	
19527	219	45	1	20	
24726	412	35	1	70	
23460	316	39	1	45	
28516	293	39	1	45	
21088	244	29	1	70	
14748	441	50	1	20	
20297	272	21	1	45	
28830	332	25	1	70	
15266	232	35	1	20	
13308	350	43	1	45	
17290	142	31	1	45	
28940	479	30	1	70	
12680	495	50	1	45	
19527	130	41	1	45	
11847	310	23	1	20	
21808	182	38	1	45	
18802	489	39	1	70	
16459	420	34	1	45	
20766	483	28	1	70	
10999	303	49	1	20	
23988	262	23	1	45	
17922	453	49	1	20	
24107	346	31	1	70	
19822	318	43	1	70	
29088	192	38	1	20	
29726	125	31	1	70	
16208	271	27	1	20	
10845	329	42	1	70	
27434	267	26	1	20	
12832	273	40	1	70	
24874	120	31	1	20	
22247	253	27	1	70	
23800	299	43	1	20	
13060	139	41	1	70	
20228	179	45	1	45	
25789	303	43	1	45	
25136	342	31	1	20	
21545	413	32	1	70	
23674	192	36	1	70	
11730	248	43	1	70	
12040	453	37	1	20	
26646	355	31	1	45	
16653	247	44	1	70	
16911	292	35	1	70	
25781	201	38	1	20	
21545	389	44	1	45	
27481	399	38	1	20	
14632	150	23	1	70	
12242	171	29	1	45	
13613	282	48	1	70	
18714	110	24	1	70	
21912	163	48	1	45	
16567	301	25	1	70	
22482	248	47	1	45	
26952	364	50	1	70	
20717	206	21	1	70	
14483	141	26	1	45	
18598	445	32	1	20	
21445	356	24	1	70	
15664	382	29	1	45	
14192	465	31	1	70	
16217	400	20	1	20	
11063	448	48	1	70	
27011	222	39	1	20	
23712	480	39	1	45	
12557	411	49	1	20	
29474	205	27	1	45	
19273	113	22	1	20	
22482	178	33	1	70	
21105	150	28	1	20	
16873	331	31	1	70	
12384	302	30	1	20	
16206	281	36	1	20	
20906	231	27	1	20	
17155	447	48	1	45	
13498	491	20	1	45	
13888	410	33	1	20	
17038	275	36	1	70	
29014	404	28	1	20	
25373	182	38	1	70	
18789	428	30	1	45	
14138	204	44	1	20	
27855	139	22	1	70	
11708	387	48	1	70	
21626	252	28	1	20	
24775	444	26	1	20	
18071	121	44	1	20	
17990	362	20	1	70	
16871	474	30	1	45	
25775	190	45	1	20	
18033	201	31	1	70	
29144	294	37	1	45	
18105	433	22	1	70	
20244	374	38	1	70	
17300	181	37	1	45	
20799	464	44	1	20	
25503	463	24	1	20	
17643	317	21	1	45	
23886	379	39	1	20	
23753	461	27	1	20	
16999	250	27	1	70	
16282	444	21	1	70	
20999	484	20	1	45	
14268	279	46	1	45	
12421	317	49	1	20	
16371	220	50	1	20	
13859	456	22	1	20	
25213	240	34	1	45	
29984	119	35	1	45	
26481	313	38	1	45	
19901	332	31	1	20	
26823	485	42	1	45	
11996	382	48	1	70	
26168	432	27	1	20	
15548	478	28	1	70	
25202	133	34	1	20	
11294	378	45	1	20	
28048	400	39	1	70	
13900	283	49	1	45	
28002	146	26	1	20	
14064	354	23	1	20	
27188	398	20	1	45	
13479	302	48	1	45	
26225	445	45	1	45	
25552	439	44	1	20	
20465	148	50	1	70	
17399	453	45	1	20	
25119	332	29	1	70	
19703	170	42	1	20	
21800	254	29	1	20	
11842	220	50	1	70	
22488	448	50	1	20	
28426	190	45	1	45	
11589	438	48	1	45	
23064	257	34	1	45	
25447	474	49	1	70	
16653	158	35	1	70	
