length filesize output_filesize CPU_demand deadline 
15231	446	38	1	95	
10341	266	36	1	95	
18156	149	42	1	95	
12241	218	29	1	60	
11570	251	26	1	95	
16806	290	37	1	120	
20743	137	50	1	60	
27546	500	45	1	60	
13572	326	45	1	120	
16810	200	22	1	95	
15116	433	42	1	95	
21181	178	41	1	95	
27719	463	50	1	120	
18047	352	33	1	95	
24200	474	22	1	95	
26781	343	44	1	60	
23235	422	47	1	60	
27250	164	27	1	60	
14774	251	41	1	60	
13185	387	25	1	60	
10549	405	35	1	95	
11081	308	27	1	95	
29778	350	42	1	95	
23685	341	42	1	60	
24006	345	41	1	95	
13459	157	34	1	120	
21372	160	34	1	120	
11273	342	48	1	120	
14972	270	37	1	95	
24469	364	44	1	60	
21286	380	49	1	120	
28329	370	34	1	95	
22810	299	50	1	120	
16675	406	20	1	60	
12195	438	39	1	120	
22910	423	38	1	60	
12639	300	39	1	120	
23011	258	34	1	95	
23277	268	28	1	120	
14318	269	43	1	60	
10933	366	32	1	120	
10910	200	47	1	60	
16613	296	50	1	120	
18450	306	44	1	95	
16736	292	21	1	120	
13903	248	41	1	95	
13453	367	29	1	60	
26745	266	39	1	120	
10583	408	36	1	95	
21950	439	24	1	95	
15377	283	41	1	120	
24504	365	32	1	95	
26946	243	49	1	120	
11944	214	48	1	120	
25175	451	26	1	60	
26068	191	49	1	60	
14665	395	35	1	95	
14218	309	36	1	120	
11016	464	22	1	95	
26580	271	41	1	60	
27174	218	46	1	95	
28325	216	49	1	120	
10477	463	45	1	120	
25494	193	21	1	60	
25930	194	37	1	60	
15821	310	38	1	120	
12139	202	28	1	60	
29835	107	48	1	60	
15019	133	48	1	120	
29199	390	39	1	60	
13139	315	41	1	60	
23869	446	26	1	120	
11093	253	43	1	95	
15385	271	27	1	120	
15161	279	23	1	120	
20481	355	37	1	60	
14763	461	35	1	60	
23509	167	39	1	60	
26503	177	50	1	95	
19340	250	24	1	60	
22904	153	27	1	95	
10362	191	32	1	120	
12763	325	20	1	120	
20949	176	43	1	60	
16353	461	25	1	120	
26885	206	28	1	120	
27894	372	47	1	95	
11051	411	39	1	120	
12807	419	29	1	95	
21615	200	28	1	95	
27417	428	34	1	60	
16642	263	30	1	95	
24082	230	35	1	95	
15992	238	28	1	60	
21090	302	40	1	95	
19592	132	35	1	95	
20605	268	24	1	95	
23928	311	20	1	120	
12188	345	45	1	60	
28602	201	50	1	95	
19947	393	27	1	60	
21733	132	42	1	120	
19086	385	39	1	120	
26122	319	48	1	120	
13044	286	41	1	60	
13397	406	21	1	120	
29144	381	31	1	95	
10292	263	49	1	95	
11546	416	25	1	60	
12626	302	20	1	95	
11781	151	49	1	95	
19654	317	41	1	120	
25301	385	46	1	120	
18253	319	34	1	95	
10036	498	48	1	95	
11519	381	33	1	120	
22704	241	48	1	60	
13140	335	32	1	60	
19219	450	37	1	95	
21773	158	31	1	120	
29684	450	49	1	95	
10580	417	42	1	95	
19694	260	20	1	95	
23825	407	37	1	95	
28544	477	36	1	95	
10847	140	28	1	95	
13385	259	43	1	60	
12651	179	41	1	60	
12005	405	48	1	95	
15548	307	21	1	60	
28059	314	25	1	95	
27961	375	46	1	60	
13693	235	21	1	60	
21493	115	50	1	120	
17870	307	22	1	95	
13409	131	34	1	60	
26487	107	50	1	95	
12160	494	44	1	120	
11940	220	33	1	120	
19679	282	29	1	120	
16351	106	21	1	120	
27643	397	44	1	60	
17709	218	45	1	120	
21088	382	33	1	95	
22963	351	40	1	95	
19222	486	28	1	95	
11875	332	31	1	120	
20036	241	38	1	95	
28672	315	36	1	95	
26452	343	39	1	60	
13642	311	32	1	60	
22655	158	38	1	95	
23717	269	41	1	95	
24599	291	26	1	120	
12027	291	40	1	60	
29184	395	50	1	120	
25654	478	26	1	60	
22493	470	28	1	95	
23254	486	45	1	60	
18404	103	28	1	60	
19550	367	21	1	120	
16380	343	20	1	60	
16796	455	49	1	95	
11239	400	28	1	95	
21492	149	27	1	95	
29642	389	45	1	95	
12128	334	30	1	60	
22626	377	49	1	60	
19866	403	35	1	120	
25910	452	38	1	95	
16840	376	42	1	60	
26821	313	28	1	60	
22670	229	24	1	120	
20711	477	36	1	60	
18959	317	33	1	95	
15539	151	48	1	120	
15610	430	40	1	95	
29409	374	49	1	120	
10798	124	40	1	60	
10552	256	34	1	60	
24042	224	23	1	120	
17447	452	35	1	60	
25322	387	32	1	120	
23059	153	49	1	60	
29484	320	49	1	60	
10800	274	46	1	60	
11101	314	40	1	95	
16152	404	37	1	60	
28841	381	23	1	120	
22462	163	34	1	120	
28720	493	28	1	95	
26207	283	43	1	60	
28021	388	34	1	60	
26959	182	50	1	60	
25361	248	39	1	95	
26046	197	48	1	60	
13739	139	50	1	95	
25777	259	43	1	95	
16368	240	24	1	120	
22521	188	23	1	95	
12814	368	45	1	60	
17971	191	33	1	95	
12191	367	35	1	95	
25690	177	24	1	95	
13669	475	26	1	120	
23274	241	37	1	60	
21138	302	36	1	95	
16513	353	31	1	95	
14882	256	36	1	60	
18879	272	50	1	120	
26814	377	24	1	95	
13690	184	37	1	95	
12222	301	26	1	120	
10577	455	42	1	120	
16875	473	23	1	120	
29635	338	46	1	60	
19239	368	25	1	60	
12438	291	26	1	95	
19916	402	20	1	120	
23912	194	42	1	60	
23167	127	25	1	120	
20406	313	36	1	120	
22160	320	34	1	120	
23080	255	42	1	60	
14630	233	48	1	60	
27531	109	29	1	120	
11797	315	47	1	95	
11772	137	37	1	60	
25467	331	22	1	60	
14763	272	46	1	120	
29658	467	22	1	60	
29798	200	42	1	120	
12997	317	41	1	95	
10752	296	47	1	60	
26304	224	24	1	60	
15314	140	32	1	95	
19156	418	28	1	60	
18477	192	28	1	60	
28731	490	41	1	60	
12380	462	20	1	95	
20371	393	31	1	95	
27606	142	21	1	60	
26017	430	23	1	120	
25438	305	37	1	60	
22559	167	38	1	95	
19822	115	21	1	60	
22665	197	29	1	95	
12745	125	41	1	95	
16852	204	44	1	60	
21086	200	34	1	95	
25510	314	33	1	95	
17648	229	44	1	60	
11508	366	25	1	95	
18650	258	34	1	95	
16192	354	30	1	120	
11752	417	22	1	120	
16157	460	45	1	95	
18469	385	39	1	120	
25000	199	39	1	60	
21493	110	29	1	120	
14042	133	35	1	95	
16486	307	22	1	120	
20567	122	30	1	95	
23917	242	27	1	60	
20643	120	30	1	95	
12220	190	32	1	95	
12818	466	38	1	95	
18564	340	38	1	95	
15204	139	32	1	60	
18752	389	26	1	60	
13331	227	27	1	120	
28225	433	38	1	95	
20918	243	24	1	60	
25891	162	47	1	120	
15437	293	35	1	60	
14894	305	29	1	60	
12504	116	48	1	60	
27108	384	50	1	120	
19469	378	28	1	120	
20532	405	43	1	60	
19540	204	50	1	60	
19644	122	44	1	60	
25132	293	35	1	120	
18847	373	39	1	120	
15495	395	34	1	120	
16523	124	42	1	120	
22622	157	42	1	120	
18792	192	40	1	95	
18141	186	50	1	60	
20660	458	25	1	95	
13834	160	25	1	95	
19384	173	34	1	60	
11833	448	33	1	60	
10916	459	21	1	60	
20938	351	37	1	95	
21024	132	48	1	95	
23595	340	26	1	120	
12556	251	43	1	120	
19071	412	39	1	60	
18385	240	49	1	95	
21817	439	49	1	60	
13884	172	50	1	95	
22457	213	30	1	95	
21364	264	37	1	60	
10003	138	26	1	95	
13157	156	44	1	95	
12442	135	22	1	60	
12354	284	48	1	60	
14627	360	40	1	120	
12738	141	22	1	120	
14994	494	27	1	120	
15394	390	48	1	60	
26525	184	50	1	60	
17736	458	45	1	120	
29307	386	38	1	60	
15093	176	35	1	120	
14161	232	21	1	60	
27896	192	23	1	95	
22597	306	44	1	120	
11837	127	39	1	120	
10320	126	29	1	95	
14311	300	22	1	95	
18486	336	45	1	95	
13161	491	39	1	60	
11516	405	49	1	95	
21384	296	28	1	60	
19205	339	29	1	60	
10241	146	41	1	60	
23275	360	28	1	60	
11586	125	29	1	95	
24782	308	26	1	60	
21778	449	20	1	95	
19669	193	48	1	60	
16537	489	38	1	95	
13650	190	39	1	120	
22613	284	37	1	95	
27901	396	41	1	95	
24528	404	49	1	95	
10551	351	47	1	95	
29114	329	27	1	60	
17648	256	45	1	60	
23215	248	41	1	95	
16289	328	34	1	60	
17388	221	37	1	60	
26326	254	30	1	60	
20780	253	27	1	120	
12971	495	44	1	60	
22693	323	33	1	120	
16134	105	28	1	120	
11823	222	39	1	60	
23397	114	42	1	120	
23166	247	21	1	60	
10472	260	46	1	95	
20183	185	46	1	120	
17415	460	35	1	120	
20008	125	22	1	60	
23976	234	27	1	60	
24323	178	41	1	120	
25612	213	41	1	120	
22025	302	26	1	60	
21279	212	20	1	60	
27187	203	25	1	60	
16640	416	31	1	120	
14456	178	29	1	95	
18131	469	26	1	60	
16808	261	20	1	95	
10515	122	25	1	60	
29773	303	25	1	60	
26298	482	20	1	60	
28737	135	37	1	120	
21019	370	43	1	120	
23919	161	26	1	95	
20749	100	45	1	60	
27404	376	39	1	60	
17394	322	26	1	95	
25427	144	47	1	95	
13952	460	39	1	60	
29254	127	26	1	60	
27374	400	38	1	95	
13107	112	47	1	95	
24955	411	39	1	60	
26781	436	31	1	120	
28673	467	28	1	120	
26188	199	39	1	95	
21528	216	36	1	120	
20054	274	47	1	60	
27488	242	36	1	60	
18315	121	23	1	95	
12791	291	40	1	60	
12373	467	45	1	95	
22164	299	24	1	120	
20246	391	50	1	95	
10127	416	49	1	120	
23657	318	23	1	60	
14988	328	26	1	60	
25838	299	33	1	120	
12458	223	38	1	95	
13830	220	46	1	95	
28225	462	39	1	60	
22335	152	25	1	60	
23351	217	39	1	120	
20820	159	29	1	95	
19618	446	50	1	95	
10326	100	38	1	60	
25096	269	26	1	60	
10211	213	50	1	60	
16103	312	41	1	120	
23561	402	42	1	95	
11099	193	44	1	95	
12867	423	27	1	120	
24041	302	33	1	60	
22045	319	35	1	95	
10835	210	25	1	120	
25120	465	22	1	60	
20180	310	46	1	120	
16804	142	39	1	95	
21474	246	35	1	120	
19834	209	33	1	95	
14566	238	50	1	60	
28475	121	32	1	60	
11827	440	20	1	60	
10464	264	36	1	95	
27556	432	45	1	95	
17651	377	40	1	120	
20766	146	20	1	120	
13594	188	21	1	60	
27030	287	26	1	95	
22313	439	35	1	120	
18093	186	33	1	60	
24326	191	31	1	60	
24415	344	50	1	60	
10177	379	43	1	60	
14382	324	20	1	95	
10793	234	28	1	120	
26146	323	22	1	95	
15198	455	32	1	95	
13374	112	48	1	95	
15157	316	44	1	120	
16807	352	38	1	120	
28047	449	36	1	95	
16283	332	26	1	60	
22776	274	22	1	95	
10758	128	20	1	60	
21353	442	48	1	95	
10292	433	49	1	95	
12042	186	22	1	60	
14379	288	47	1	120	
12640	389	42	1	120	
23337	277	22	1	60	
25320	304	50	1	120	
16344	196	49	1	95	
16810	427	31	1	95	
12008	146	35	1	60	
23053	342	27	1	60	
15715	366	39	1	120	
26202	420	47	1	95	
13933	412	29	1	120	
29486	110	26	1	60	
20668	370	44	1	60	
12215	177	45	1	95	
18865	315	30	1	60	
23339	418	48	1	120	
12783	368	50	1	95	
26866	488	34	1	60	
20979	333	33	1	120	
11792	232	50	1	60	
17766	485	36	1	120	
19801	395	27	1	120	
14417	217	20	1	120	
28509	455	27	1	95	
18856	266	38	1	120	
23079	227	50	1	95	
14053	267	32	1	120	
25905	302	24	1	60	
19319	198	38	1	120	
21784	171	44	1	95	
17007	216	31	1	120	
15472	107	27	1	95	
30000	380	38	1	95	
27240	215	47	1	95	
15127	165	39	1	95	
20760	389	27	1	120	
16216	360	47	1	95	
12976	260	44	1	120	
24084	358	36	1	95	
13085	383	50	1	120	
20899	440	46	1	60	
20180	342	29	1	60	
29614	361	28	1	60	
16864	485	45	1	60	
11269	211	33	1	95	
24204	176	20	1	60	
29857	256	46	1	60	
18670	417	41	1	60	
20596	318	42	1	60	
16759	177	42	1	60	
18715	148	23	1	60	
25595	152	36	1	95	
18776	399	49	1	60	
26364	451	47	1	95	
18146	302	43	1	95	
20565	352	34	1	60	
17037	439	39	1	60	
14464	332	38	1	95	
15111	106	22	1	60	
10747	223	40	1	95	
18898	122	24	1	120	
11052	209	31	1	60	
19796	287	25	1	60	
19079	251	23	1	60	
12987	250	42	1	95	
25556	278	43	1	95	
16023	489	48	1	95	
10453	195	30	1	60	
14039	475	32	1	120	
19857	234	21	1	95	
18487	204	22	1	60	
17740	282	42	1	95	
19254	206	36	1	120	
21387	117	20	1	120	
22024	346	26	1	60	
21359	440	45	1	95	
16058	500	20	1	60	
18930	500	30	1	60	
10227	351	26	1	120	
26366	328	24	1	60	
18089	205	47	1	95	
14653	101	31	1	95	
18856	309	28	1	120	
25880	368	22	1	120	
17756	245	31	1	95	
12392	127	34	1	60	
18542	272	25	1	120	
28797	441	32	1	60	
21850	466	36	1	95	
13114	117	27	1	120	
16152	116	30	1	120	
24629	492	49	1	60	
13562	226	36	1	60	
17112	471	28	1	95	
20026	239	47	1	60	
29933	488	50	1	120	
29875	367	47	1	95	
25254	293	47	1	120	
16703	229	21	1	60	
24464	404	42	1	60	
29536	294	28	1	120	
26610	204	40	1	60	
17445	223	47	1	120	
29012	228	30	1	60	
11839	133	47	1	60	
13045	419	32	1	120	
28453	466	29	1	95	
14104	467	43	1	95	
16028	165	42	1	95	
22956	493	40	1	95	
12089	155	37	1	95	
23589	292	28	1	60	
17815	237	20	1	95	
29520	332	39	1	60	
20156	122	50	1	120	
17310	312	46	1	95	
13067	407	40	1	120	
25777	432	31	1	120	
16178	444	38	1	120	
26398	283	47	1	120	
14994	221	24	1	120	
19310	297	33	1	60	
25431	251	49	1	95	
18523	314	30	1	120	
16184	401	24	1	60	
17586	176	24	1	60	
19954	465	39	1	120	
29643	138	35	1	120	
24581	325	32	1	120	
22308	234	29	1	120	
22765	242	21	1	95	
22544	374	38	1	95	
29142	302	34	1	60	
21385	459	24	1	60	
12493	265	40	1	95	
29289	178	39	1	95	
29123	337	26	1	60	
20190	458	35	1	60	
23032	363	45	1	95	
21814	360	35	1	60	
10201	101	20	1	120	
27859	311	30	1	120	
21981	426	48	1	60	
29905	266	30	1	95	
18742	241	50	1	60	
17274	300	47	1	95	
10485	370	33	1	120	
16585	120	29	1	120	
29155	270	49	1	120	
28301	116	20	1	95	
24414	214	23	1	95	
17795	154	50	1	120	
20853	247	47	1	60	
15574	310	41	1	95	
21040	471	32	1	120	
24472	254	24	1	95	
26834	348	38	1	60	
23481	408	23	1	95	
23230	475	21	1	95	
28253	150	26	1	120	
19249	465	24	1	60	
26491	356	50	1	95	
15190	328	47	1	95	
29534	278	48	1	60	
19828	241	49	1	60	
16477	445	24	1	120	
23273	130	26	1	120	
19746	231	45	1	95	
26153	474	26	1	60	
11000	401	36	1	60	
20196	500	34	1	120	
15549	175	22	1	60	
27433	406	25	1	120	
24769	340	23	1	120	
26213	373	21	1	60	
18893	310	35	1	95	
27756	396	26	1	120	
21231	115	25	1	95	
18329	106	48	1	60	
19802	288	49	1	120	
18003	195	49	1	120	
28677	190	20	1	95	
16650	106	47	1	120	
27203	452	21	1	120	
18620	346	49	1	95	
22839	457	28	1	60	
15851	442	36	1	95	
23045	230	32	1	120	
22436	110	31	1	60	
27275	481	31	1	120	
17827	358	29	1	95	
26226	357	35	1	95	
14816	112	42	1	95	
11914	172	32	1	120	
16085	232	32	1	95	
11567	313	50	1	120	
18308	211	40	1	95	
15424	450	48	1	60	
29171	275	20	1	120	
13635	496	25	1	120	
19568	484	30	1	95	
28683	317	28	1	95	
29403	121	22	1	120	
23608	408	27	1	95	
25734	485	33	1	95	
18360	319	30	1	120	
14221	223	48	1	60	
13409	228	41	1	95	
15001	390	41	1	95	
14805	192	35	1	120	
24469	198	41	1	120	
13013	105	47	1	120	
17372	179	20	1	95	
24869	379	29	1	95	
22563	307	44	1	120	
26949	223	30	1	120	
14917	261	30	1	95	
26306	172	20	1	60	
29911	201	29	1	120	
11724	237	30	1	60	
26238	243	33	1	95	
13280	285	34	1	95	
24333	439	42	1	95	
13737	109	20	1	60	
16461	160	41	1	60	
26829	194	25	1	95	
17658	207	47	1	60	
22388	265	33	1	60	
10873	464	20	1	95	
18734	268	38	1	60	
28562	345	32	1	95	
21548	408	41	1	120	
15916	291	32	1	95	
28259	500	34	1	95	
22988	382	50	1	95	
12076	338	24	1	60	
13630	254	47	1	120	
13065	434	38	1	120	
15798	377	23	1	60	
17120	116	21	1	95	
22683	191	33	1	120	
17605	431	31	1	60	
15907	134	46	1	120	
20915	121	20	1	60	
11824	161	23	1	120	
16183	456	48	1	60	
20452	489	20	1	120	
14076	149	35	1	120	
10956	155	24	1	95	
11197	208	29	1	95	
26216	344	42	1	120	
15915	259	24	1	120	
23237	141	45	1	120	
12662	215	40	1	95	
27293	428	38	1	95	
10337	390	28	1	95	
23478	496	34	1	60	
15836	309	20	1	120	
22334	121	36	1	60	
23523	471	50	1	60	
15243	248	30	1	120	
27025	277	45	1	95	
22716	192	40	1	60	
28201	350	35	1	95	
11742	330	50	1	95	
19276	223	28	1	120	
18105	494	45	1	120	
14362	237	28	1	120	
18405	328	43	1	120	
28419	174	44	1	95	
11399	449	24	1	60	
20932	491	20	1	95	
16636	454	36	1	60	
22863	337	46	1	120	
22642	341	27	1	95	
29437	312	40	1	120	
25189	462	29	1	120	
28432	122	40	1	120	
16031	272	22	1	60	
10337	296	22	1	120	
15001	319	28	1	120	
24451	152	47	1	120	
27261	234	25	1	120	
10195	224	27	1	60	
11762	194	26	1	120	
25067	100	24	1	120	
23729	199	34	1	120	
25123	409	29	1	120	
18656	207	30	1	60	
23173	113	32	1	120	
15981	338	22	1	95	
25072	320	33	1	120	
18593	233	50	1	120	
17665	126	24	1	60	
24554	461	36	1	60	
18903	184	26	1	60	
28671	454	22	1	120	
27229	294	27	1	95	
20501	476	31	1	60	
15913	266	21	1	95	
19081	432	42	1	120	
26139	296	36	1	120	
14000	125	37	1	60	
17405	228	26	1	60	
20344	389	29	1	120	
12088	497	42	1	120	
29643	451	32	1	95	
23792	498	29	1	95	
15303	219	47	1	120	
10976	247	23	1	60	
25430	128	26	1	95	
14751	411	29	1	60	
13776	446	35	1	60	
23560	458	22	1	60	
16791	377	30	1	60	
20195	402	30	1	95	
23400	435	50	1	60	
14714	116	49	1	95	
12134	443	46	1	95	
17132	405	32	1	95	
28217	467	29	1	60	
21023	219	27	1	95	
12980	330	41	1	60	
16776	235	25	1	120	
16184	422	38	1	120	
26817	195	35	1	95	
21433	367	21	1	120	
22073	474	21	1	95	
16120	373	35	1	120	
15576	496	24	1	120	
15454	392	28	1	60	
19087	395	43	1	95	
14405	303	46	1	60	
14714	297	23	1	60	
13943	410	46	1	120	
20097	298	31	1	95	
13023	247	42	1	95	
16716	421	41	1	60	
25964	390	32	1	95	
28170	240	32	1	95	
20759	302	29	1	120	
15386	169	32	1	120	
26789	211	38	1	95	
22436	279	22	1	60	
27318	372	30	1	120	
21661	399	22	1	60	
10940	219	34	1	95	
29818	374	50	1	120	
18093	109	50	1	60	
16575	155	33	1	60	
15929	500	34	1	60	
17564	483	21	1	95	
28673	130	20	1	60	
24337	396	22	1	60	
