length filesize output_filesize CPU_demand deadline 
15674	358	24	1	100	
24964	307	23	1	70	
13957	340	35	1	100	
18262	298	45	1	100	
19780	460	31	1	100	
22540	148	42	1	100	
26980	424	32	1	130	
29191	184	32	1	100	
26548	384	28	1	100	
12739	300	23	1	130	
26051	316	33	1	130	
21930	334	37	1	70	
13374	307	47	1	130	
20819	406	22	1	100	
25187	263	21	1	130	
21514	306	49	1	100	
21147	175	43	1	130	
20777	211	43	1	70	
24018	448	21	1	100	
17758	484	37	1	70	
23785	199	34	1	100	
12860	372	26	1	130	
28951	148	31	1	100	
14657	170	21	1	100	
12273	422	43	1	130	
21133	343	26	1	130	
10158	136	20	1	130	
13860	172	29	1	100	
13784	401	29	1	130	
27315	246	32	1	100	
19645	242	43	1	100	
18503	272	48	1	100	
12017	108	45	1	70	
10821	239	26	1	70	
15459	226	31	1	70	
24276	199	27	1	100	
15646	378	47	1	130	
17102	192	49	1	100	
11957	492	45	1	130	
29212	443	49	1	130	
13536	497	23	1	130	
28229	318	30	1	70	
26614	410	27	1	70	
25429	348	50	1	100	
16909	232	39	1	130	
24110	243	43	1	100	
15432	475	34	1	100	
15696	496	21	1	130	
29088	112	27	1	100	
18617	316	50	1	100	
11742	493	43	1	130	
29563	251	34	1	130	
19395	311	33	1	100	
14988	485	49	1	100	
24525	299	30	1	70	
14629	322	29	1	70	
21167	189	37	1	70	
20408	468	26	1	100	
24519	190	37	1	100	
27471	113	29	1	130	
12266	328	31	1	130	
11531	343	26	1	100	
25943	283	33	1	100	
16456	466	49	1	70	
23664	499	27	1	130	
17806	191	26	1	100	
29838	420	50	1	100	
29410	367	29	1	100	
21957	367	27	1	100	
11283	494	45	1	130	
25985	331	26	1	70	
15402	141	24	1	100	
11876	394	21	1	100	
28247	264	22	1	70	
16476	262	37	1	100	
14015	365	46	1	130	
10702	311	48	1	100	
17579	353	49	1	130	
29381	441	46	1	100	
25067	373	27	1	70	
10723	190	34	1	100	
10297	137	38	1	100	
12139	113	41	1	100	
10843	129	38	1	70	
18921	117	38	1	130	
14272	338	22	1	130	
12460	336	27	1	100	
15544	433	42	1	100	
17042	285	50	1	70	
28986	405	35	1	100	
12728	397	38	1	130	
27507	363	43	1	130	
21799	198	45	1	130	
15724	215	41	1	130	
16898	461	36	1	130	
28944	174	28	1	130	
11936	466	34	1	130	
17266	128	20	1	70	
11897	307	36	1	100	
29192	304	37	1	130	
27061	127	23	1	70	
14418	469	28	1	130	
23042	214	32	1	70	
23471	476	48	1	70	
10544	257	40	1	130	
26665	257	50	1	130	
22798	421	48	1	130	
18417	323	22	1	100	
13952	400	47	1	100	
22444	232	50	1	100	
19507	420	24	1	70	
19267	226	42	1	70	
24852	474	45	1	70	
13514	111	22	1	70	
16653	101	26	1	130	
12291	105	35	1	130	
29435	260	26	1	130	
23866	495	44	1	130	
27597	229	49	1	130	
15456	112	36	1	70	
17498	477	39	1	100	
19714	167	45	1	70	
12020	356	21	1	70	
27454	388	21	1	130	
19923	220	24	1	70	
28398	480	49	1	100	
22034	241	26	1	130	
19063	137	21	1	130	
11659	431	48	1	70	
21513	475	44	1	130	
15083	142	24	1	100	
28103	197	43	1	130	
23700	478	22	1	100	
14715	227	36	1	130	
16797	324	43	1	100	
21588	293	21	1	70	
25513	201	25	1	130	
19508	153	49	1	70	
15884	226	43	1	100	
21710	228	29	1	100	
28661	311	43	1	100	
12422	379	26	1	70	
29144	344	25	1	70	
16111	360	29	1	130	
15964	280	46	1	100	
26026	286	28	1	100	
10744	388	33	1	70	
14686	149	32	1	130	
13595	162	50	1	70	
10954	139	47	1	130	
17738	128	36	1	100	
17483	105	20	1	100	
20033	163	38	1	130	
26332	283	49	1	70	
25401	157	28	1	130	
16415	478	24	1	100	
15241	205	48	1	130	
25821	443	21	1	130	
10787	222	49	1	100	
10015	415	36	1	100	
12126	444	32	1	70	
16871	474	45	1	100	
14646	467	27	1	130	
29629	354	23	1	130	
26108	190	39	1	130	
22650	408	48	1	130	
12512	121	30	1	100	
21275	203	48	1	130	
23185	137	35	1	70	
23961	142	20	1	100	
22675	188	45	1	100	
23332	287	40	1	130	
19010	218	27	1	100	
20646	483	21	1	100	
13738	145	46	1	100	
10389	237	37	1	100	
25412	386	47	1	70	
15768	137	24	1	100	
19644	141	28	1	130	
21894	197	40	1	100	
16885	462	20	1	100	
21256	264	29	1	130	
20908	425	26	1	70	
22989	315	31	1	130	
20284	183	45	1	70	
17054	207	36	1	130	
15258	254	35	1	100	
21039	379	30	1	70	
13531	423	45	1	100	
20308	425	44	1	130	
13360	447	33	1	100	
22729	352	22	1	70	
23862	467	30	1	100	
12739	405	29	1	100	
19806	493	35	1	70	
18861	458	24	1	130	
10056	121	42	1	100	
12271	228	26	1	100	
26445	282	23	1	70	
10058	143	38	1	130	
23487	210	29	1	130	
11041	475	32	1	70	
19522	496	39	1	130	
14929	356	26	1	70	
20820	358	25	1	130	
19177	105	33	1	70	
14858	461	30	1	100	
18312	274	46	1	130	
24996	425	43	1	130	
11196	281	21	1	100	
19326	310	30	1	130	
27512	196	30	1	130	
28674	180	46	1	130	
12673	291	22	1	130	
27007	167	36	1	130	
20851	123	48	1	130	
12964	199	37	1	100	
21546	491	31	1	70	
28753	332	36	1	130	
19060	459	34	1	100	
13321	296	33	1	100	
12989	347	30	1	70	
12064	455	46	1	100	
22268	497	50	1	100	
15519	305	48	1	130	
27723	161	43	1	100	
13523	180	39	1	70	
23499	104	25	1	100	
27393	198	30	1	100	
27941	167	31	1	130	
18407	338	49	1	100	
11920	472	45	1	100	
29878	130	23	1	130	
19423	379	36	1	130	
24453	160	20	1	100	
13536	481	49	1	100	
18695	288	31	1	70	
11178	400	21	1	100	
27225	291	26	1	70	
22165	383	22	1	100	
28321	366	48	1	70	
17875	257	44	1	70	
24317	318	25	1	70	
23451	423	47	1	100	
18253	125	33	1	130	
18284	196	38	1	100	
28467	284	28	1	100	
14993	160	22	1	130	
22496	416	24	1	100	
18779	261	44	1	130	
16195	452	25	1	130	
18678	165	43	1	70	
21665	284	36	1	100	
25264	200	37	1	130	
22790	146	26	1	130	
25417	496	34	1	100	
26499	491	24	1	70	
25892	462	32	1	100	
12209	281	32	1	130	
11958	332	33	1	100	
25272	466	24	1	130	
25058	321	26	1	130	
14443	119	24	1	130	
21294	305	22	1	100	
14490	246	36	1	100	
20992	408	29	1	70	
10955	313	32	1	100	
16340	458	39	1	100	
18377	238	31	1	130	
22480	311	20	1	130	
16279	104	32	1	70	
22076	151	28	1	70	
28548	233	46	1	100	
24912	236	24	1	100	
15049	223	30	1	100	
21654	388	27	1	130	
13087	485	24	1	130	
24079	483	30	1	100	
27729	126	24	1	130	
21734	420	22	1	100	
10176	256	43	1	100	
26529	302	43	1	100	
15148	118	26	1	100	
10187	426	22	1	100	
19434	429	29	1	70	
17599	222	34	1	70	
19583	302	36	1	70	
21537	170	42	1	70	
29503	435	35	1	130	
10186	387	21	1	100	
11778	375	48	1	130	
29258	354	49	1	70	
18878	153	34	1	130	
15386	434	27	1	100	
21471	297	48	1	70	
18201	234	50	1	130	
18639	169	29	1	130	
18973	322	22	1	100	
23267	195	40	1	100	
29626	228	32	1	100	
14404	463	48	1	100	
11522	259	20	1	70	
26766	268	43	1	130	
13226	475	21	1	100	
12388	354	36	1	100	
13441	264	47	1	100	
25513	235	29	1	70	
15105	106	25	1	70	
13487	291	45	1	70	
29515	432	28	1	130	
21398	195	23	1	70	
27805	425	31	1	100	
12280	450	39	1	70	
28950	254	49	1	100	
15024	484	46	1	130	
16897	291	49	1	130	
17551	414	22	1	70	
10498	181	40	1	130	
29360	419	24	1	100	
15327	428	40	1	100	
22424	399	31	1	130	
10525	108	20	1	130	
15423	122	50	1	70	
23316	115	35	1	70	
24130	483	37	1	130	
17367	305	44	1	100	
23347	404	28	1	130	
24696	154	46	1	70	
29734	258	44	1	70	
12262	227	45	1	130	
19737	114	41	1	100	
22699	471	36	1	70	
19080	441	24	1	130	
15058	240	28	1	100	
14929	407	28	1	130	
11881	413	25	1	100	
15451	277	41	1	130	
25385	363	38	1	70	
24267	122	24	1	100	
20745	392	32	1	100	
14334	124	42	1	130	
15045	174	46	1	100	
24849	330	36	1	100	
20822	187	26	1	100	
26768	343	33	1	70	
29145	296	31	1	70	
26759	363	47	1	100	
15674	317	34	1	100	
12331	388	20	1	70	
18375	401	28	1	130	
14257	386	34	1	70	
11790	306	42	1	100	
24537	157	31	1	70	
23097	429	35	1	100	
27956	423	22	1	100	
12030	172	50	1	70	
25611	120	26	1	70	
11874	241	50	1	70	
13929	358	30	1	130	
20343	444	48	1	130	
11539	479	33	1	70	
11057	438	34	1	70	
12310	230	36	1	130	
19795	428	33	1	100	
15418	157	43	1	130	
16251	434	44	1	130	
28376	452	21	1	130	
28594	324	23	1	130	
17627	410	30	1	70	
28488	206	20	1	100	
12350	273	23	1	130	
28674	356	48	1	70	
21042	367	38	1	130	
11677	400	42	1	130	
10815	236	27	1	100	
28055	172	43	1	70	
24683	279	47	1	130	
27184	121	30	1	130	
29093	375	45	1	100	
24633	218	20	1	130	
13675	185	40	1	70	
24349	230	21	1	130	
20604	335	36	1	130	
19516	240	44	1	100	
15578	358	21	1	100	
24890	369	31	1	100	
24337	128	24	1	100	
27248	415	39	1	130	
27197	141	35	1	100	
22901	168	48	1	130	
24996	176	24	1	100	
25919	101	44	1	70	
29786	480	50	1	100	
20969	121	24	1	130	
21208	136	27	1	100	
18162	454	27	1	130	
11764	201	34	1	130	
29927	432	47	1	130	
11905	195	29	1	130	
17364	238	30	1	130	
17211	395	22	1	130	
21298	498	43	1	130	
14147	102	25	1	100	
15521	358	43	1	70	
24598	167	34	1	100	
22556	397	21	1	100	
17340	122	25	1	130	
22069	379	50	1	130	
14281	249	44	1	130	
15274	310	47	1	70	
18054	436	31	1	130	
15448	439	47	1	100	
20145	101	30	1	70	
21775	444	31	1	100	
20580	108	26	1	130	
16034	165	41	1	100	
24179	202	43	1	100	
21445	188	47	1	100	
27778	336	46	1	100	
29310	406	42	1	100	
16821	207	42	1	100	
18096	448	33	1	70	
20293	135	27	1	130	
28790	116	41	1	100	
14090	225	43	1	100	
18038	273	35	1	100	
14608	416	49	1	100	
13756	418	34	1	70	
19766	463	50	1	70	
22677	271	43	1	70	
21580	211	37	1	100	
19767	156	50	1	100	
23170	311	39	1	70	
29327	213	24	1	100	
29724	349	45	1	130	
26930	371	30	1	70	
23518	452	32	1	100	
20284	248	38	1	70	
18597	499	23	1	70	
25996	406	29	1	130	
13863	206	48	1	130	
12888	100	20	1	130	
10649	182	30	1	130	
24826	206	41	1	130	
28928	235	44	1	100	
26767	144	30	1	70	
12787	344	23	1	70	
29485	185	26	1	130	
29258	214	21	1	130	
21128	372	24	1	130	
22378	399	43	1	70	
19041	359	29	1	70	
10936	231	27	1	70	
24613	429	29	1	70	
13038	359	27	1	70	
16461	139	35	1	130	
17469	337	44	1	130	
26329	404	20	1	70	
21644	221	42	1	70	
19484	314	47	1	130	
15425	122	28	1	100	
22439	266	31	1	130	
12646	157	48	1	130	
29472	324	42	1	130	
26374	429	34	1	130	
15719	340	48	1	70	
26372	123	35	1	100	
24157	231	20	1	70	
13565	317	28	1	130	
27957	471	27	1	130	
29092	352	35	1	130	
18822	288	43	1	130	
20672	124	26	1	70	
16736	263	22	1	70	
18591	400	47	1	70	
25304	231	22	1	130	
26623	415	26	1	100	
25453	124	26	1	70	
22612	157	48	1	70	
12433	407	44	1	70	
25207	410	36	1	130	
19277	197	33	1	100	
18635	176	25	1	70	
17842	234	44	1	70	
21124	437	44	1	100	
20027	331	32	1	100	
17287	420	48	1	70	
29556	306	42	1	70	
25177	127	48	1	130	
27183	325	33	1	130	
17781	302	42	1	100	
29985	186	38	1	70	
29538	228	37	1	100	
15356	141	28	1	130	
25266	313	34	1	70	
10002	181	29	1	130	
13219	389	26	1	70	
29407	382	39	1	130	
29446	272	21	1	100	
14476	124	29	1	100	
17333	430	38	1	70	
28274	248	50	1	100	
11926	412	49	1	70	
24034	291	45	1	70	
14173	210	29	1	70	
14075	126	43	1	70	
18263	405	46	1	100	
11658	358	45	1	100	
16001	116	32	1	70	
24627	197	46	1	130	
10261	392	38	1	100	
19194	322	32	1	130	
20591	343	36	1	70	
10080	183	50	1	70	
22043	115	24	1	100	
12415	366	32	1	70	
10126	491	25	1	130	
10015	131	41	1	100	
24343	463	47	1	70	
15980	106	43	1	130	
17074	149	37	1	70	
29572	486	41	1	100	
13307	266	24	1	100	
11846	197	31	1	130	
19859	213	38	1	130	
13248	485	42	1	130	
24158	249	27	1	70	
29944	424	47	1	130	
22070	287	49	1	130	
28514	465	50	1	70	
15862	102	34	1	100	
28646	344	35	1	100	
26243	305	23	1	130	
10282	200	40	1	100	
11886	373	49	1	100	
15586	124	40	1	100	
20900	407	21	1	130	
27029	476	33	1	100	
10373	447	37	1	70	
27556	398	26	1	70	
25014	299	44	1	100	
29857	453	38	1	100	
17369	285	22	1	70	
19594	158	42	1	70	
10098	230	45	1	100	
13182	349	39	1	130	
19296	495	39	1	70	
19385	389	23	1	100	
23171	345	25	1	70	
27739	477	35	1	100	
11675	337	43	1	130	
11259	462	48	1	100	
25187	105	27	1	70	
21361	473	21	1	100	
14680	488	22	1	130	
20628	125	29	1	70	
27666	263	40	1	100	
17276	497	29	1	100	
26044	309	30	1	70	
26944	176	37	1	100	
15148	306	34	1	70	
23056	302	40	1	100	
14187	311	27	1	100	
24209	446	48	1	70	
18691	362	39	1	100	
18901	392	38	1	100	
23995	316	31	1	100	
27910	440	40	1	100	
19746	262	47	1	130	
16899	346	37	1	130	
16032	487	32	1	100	
29681	431	25	1	130	
25024	246	47	1	130	
24863	466	42	1	130	
23772	118	34	1	70	
22725	437	25	1	70	
10680	135	37	1	100	
20291	346	25	1	130	
10751	227	47	1	70	
27664	324	33	1	100	
20740	231	31	1	70	
17183	187	38	1	130	
16024	162	48	1	100	
19449	249	25	1	130	
29888	198	40	1	100	
26886	183	31	1	70	
21732	240	37	1	70	
11228	174	24	1	130	
11871	152	38	1	100	
26260	381	34	1	100	
20619	138	20	1	70	
11778	477	46	1	70	
11469	193	39	1	100	
12092	336	38	1	130	
19822	346	48	1	100	
24256	365	26	1	100	
11415	248	44	1	100	
25848	130	29	1	100	
12653	246	20	1	100	
24071	189	23	1	100	
21892	319	50	1	100	
10850	331	25	1	100	
19943	306	43	1	70	
22116	297	28	1	130	
28846	404	45	1	130	
21240	155	39	1	100	
24099	372	21	1	100	
12177	337	33	1	70	
12380	123	50	1	130	
28195	213	39	1	70	
17124	238	47	1	70	
14657	398	37	1	100	
28397	124	45	1	100	
12724	437	29	1	70	
25964	263	32	1	130	
28721	476	30	1	100	
29367	138	47	1	130	
15062	203	39	1	70	
26644	376	25	1	70	
29282	127	37	1	130	
10132	374	37	1	130	
24745	169	42	1	70	
27496	104	37	1	130	
25732	256	24	1	70	
16422	207	40	1	130	
26678	341	37	1	130	
24497	180	29	1	100	
15000	298	43	1	130	
17175	135	35	1	130	
29451	455	43	1	100	
23238	339	29	1	100	
29326	417	28	1	130	
25930	107	25	1	130	
27368	264	21	1	100	
21190	123	28	1	70	
27768	230	43	1	130	
23056	205	21	1	100	
23093	117	48	1	100	
16622	388	44	1	130	
28642	419	27	1	130	
29729	146	35	1	70	
22366	491	48	1	130	
11459	477	36	1	100	
21724	283	44	1	70	
27265	156	25	1	130	
25222	382	21	1	70	
29313	149	26	1	70	
20091	318	23	1	70	
22579	291	40	1	130	
26407	461	23	1	100	
13743	130	38	1	70	
15796	494	46	1	100	
29711	466	30	1	70	
29593	456	38	1	70	
20647	398	21	1	100	
21204	163	37	1	130	
14576	405	23	1	100	
13099	313	26	1	100	
22086	280	21	1	70	
10476	101	39	1	70	
29597	225	47	1	130	
22530	274	33	1	70	
20072	288	38	1	130	
19434	332	36	1	100	
10577	278	47	1	100	
15550	456	35	1	130	
23790	252	39	1	130	
29893	281	38	1	70	
23510	363	30	1	100	
22518	139	21	1	130	
21957	488	31	1	100	
19821	248	27	1	130	
12370	430	37	1	130	
14213	313	29	1	100	
19204	297	24	1	130	
23816	373	30	1	130	
15382	366	43	1	70	
28773	491	20	1	130	
25916	350	22	1	130	
29286	421	37	1	70	
26177	497	24	1	70	
11169	417	43	1	130	
13036	396	50	1	70	
26149	414	20	1	100	
14344	222	44	1	70	
11502	475	44	1	100	
12367	366	50	1	100	
12202	203	33	1	70	
27391	307	37	1	100	
14510	257	35	1	100	
11773	279	22	1	70	
13852	390	29	1	100	
12906	177	23	1	100	
26690	152	40	1	100	
16354	136	21	1	130	
19522	230	35	1	70	
16747	217	40	1	130	
24405	120	26	1	130	
19876	163	44	1	100	
19507	355	36	1	130	
23319	371	36	1	130	
19119	123	48	1	70	
18511	454	39	1	130	
26229	102	29	1	100	
13770	367	45	1	100	
20463	479	31	1	130	
28484	230	45	1	100	
20166	348	26	1	130	
11213	145	28	1	130	
10217	421	27	1	70	
26001	434	31	1	100	
29612	113	25	1	100	
11229	363	41	1	70	
15111	222	38	1	70	
12201	412	46	1	70	
14035	182	43	1	100	
23510	375	25	1	70	
17303	266	29	1	130	
11802	247	46	1	130	
27283	363	28	1	70	
12239	451	24	1	130	
22920	127	42	1	70	
13335	446	25	1	70	
13594	319	29	1	70	
16766	343	21	1	100	
26731	465	34	1	70	
21423	439	23	1	130	
16135	402	42	1	130	
23995	212	33	1	100	
10001	314	46	1	100	
28329	368	48	1	130	
12449	331	49	1	100	
18738	162	24	1	100	
22945	315	20	1	100	
11492	304	25	1	70	
12586	236	48	1	130	
18235	401	31	1	70	
10858	423	27	1	100	
24218	325	47	1	100	
13965	333	44	1	130	
18689	103	38	1	100	
14542	447	26	1	100	
18097	331	33	1	100	
15405	319	30	1	100	
17772	334	30	1	100	
23631	174	49	1	70	
22918	408	40	1	100	
24226	156	43	1	70	
22894	368	30	1	100	
13419	264	40	1	100	
26661	171	42	1	70	
15983	268	27	1	130	
23724	238	28	1	100	
21563	396	46	1	70	
22594	420	46	1	70	
12827	411	44	1	130	
19162	401	34	1	130	
14118	458	26	1	70	
24495	338	34	1	130	
15075	427	47	1	70	
27790	309	45	1	70	
20835	401	28	1	130	
15357	469	50	1	100	
13263	334	46	1	70	
25979	348	50	1	130	
27589	358	35	1	130	
16023	105	40	1	130	
19093	329	29	1	100	
28617	193	22	1	70	
20387	229	48	1	70	
25142	201	40	1	70	
12709	298	34	1	130	
26152	303	22	1	130	
16138	158	26	1	70	
17620	227	41	1	70	
18530	242	40	1	70	
20344	380	33	1	100	
15930	397	35	1	70	
15555	132	27	1	130	
11493	100	33	1	100	
15521	267	36	1	100	
13144	149	26	1	70	
25842	301	31	1	100	
20565	440	36	1	100	
13718	403	29	1	100	
15209	191	41	1	130	
21203	283	38	1	70	
16332	479	23	1	100	
13281	405	21	1	70	
17345	261	26	1	100	
16682	410	47	1	100	
29533	235	21	1	100	
21219	407	27	1	70	
15893	121	33	1	130	
29028	239	24	1	70	
24409	204	42	1	100	
14794	498	49	1	100	
28590	284	44	1	100	
21793	357	24	1	100	
27680	468	37	1	130	
13864	316	24	1	100	
22226	273	38	1	70	
18121	105	26	1	70	
24341	138	28	1	100	
21138	134	30	1	100	
13730	171	34	1	70	
21291	200	24	1	70	
20455	169	21	1	70	
25285	139	44	1	130	
22718	325	40	1	70	
20195	409	33	1	70	
26943	173	27	1	100	
26785	138	43	1	100	
27856	388	26	1	130	
24622	122	32	1	70	
14498	244	45	1	100	
21020	353	39	1	100	
12709	496	48	1	130	
19902	273	33	1	130	
20403	143	48	1	100	
15494	335	45	1	100	
18040	472	32	1	100	
19833	440	34	1	70	
15465	229	48	1	130	
16803	430	50	1	70	
22416	151	33	1	100	
22657	175	49	1	100	
13478	287	28	1	130	
23905	163	32	1	100	
14462	249	47	1	100	
17803	149	21	1	130	
20685	342	21	1	70	
27096	131	29	1	70	
15292	448	33	1	70	
27343	159	48	1	70	
25950	214	38	1	100	
19011	430	24	1	100	
25021	373	33	1	130	
20741	302	44	1	130	
25039	280	27	1	70	
29501	346	45	1	70	
16088	383	36	1	100	
12239	202	27	1	100	
25773	106	45	1	100	
13203	429	34	1	130	
27476	101	30	1	100	
14346	185	42	1	100	
21998	414	23	1	100	
29296	356	43	1	70	
11923	261	22	1	100	
18009	128	44	1	130	
29233	427	32	1	100	
13249	408	24	1	70	
27215	391	23	1	130	
13193	172	22	1	70	
20078	232	39	1	130	
21476	155	25	1	130	
16268	206	29	1	130	
10897	222	45	1	130	
27354	146	47	1	70	
19082	134	23	1	100	
11719	123	40	1	70	
13141	433	27	1	130	
21905	419	44	1	100	
22664	312	43	1	130	
28462	293	48	1	130	
22230	459	41	1	130	
23107	327	30	1	130	
24886	347	25	1	130	
24364	287	29	1	100	
17931	213	42	1	100	
26932	219	22	1	70	
12868	186	46	1	70	
29939	404	28	1	100	
27536	310	25	1	130	
17294	145	45	1	70	
11414	262	23	1	130	
23230	321	49	1	100	
11124	436	41	1	100	
20054	173	47	1	130	
14053	177	31	1	70	
23855	418	46	1	130	
16340	272	50	1	70	
26549	391	25	1	130	
13884	155	38	1	70	
11319	407	28	1	70	
10119	278	44	1	70	
17193	350	47	1	130	
18472	323	21	1	100	
18818	188	28	1	70	
16624	263	26	1	70	
10461	349	30	1	100	
23506	264	24	1	100	
27137	377	34	1	100	
21919	441	33	1	70	
14526	358	34	1	70	
22095	236	36	1	70	
27621	134	34	1	130	
16155	188	26	1	130	
26992	357	29	1	100	
11790	323	28	1	70	
15953	479	49	1	100	
21426	169	48	1	130	
24068	113	47	1	100	
12334	210	27	1	100	
27541	420	36	1	70	
14926	428	22	1	130	
10031	295	28	1	100	
17147	235	32	1	130	
26353	473	31	1	100	
19889	128	36	1	70	
21594	170	20	1	130	
11003	223	50	1	70	
13038	246	29	1	70	
13845	229	35	1	100	
13192	254	27	1	130	
26206	416	29	1	70	
19114	335	27	1	130	
22831	377	44	1	70	
19842	330	30	1	100	
11185	283	26	1	70	
23697	276	39	1	130	
16633	153	23	1	130	
20547	474	31	1	70	
27750	368	27	1	70	
16653	455	38	1	70	
25360	361	37	1	100	
28707	398	26	1	70	
14229	427	48	1	70	
11738	383	21	1	100	
18914	360	35	1	130	
19562	476	38	1	100	
12626	300	37	1	130	
11032	128	27	1	100	
29818	132	48	1	70	
19827	410	29	1	100	
20633	474	44	1	100	
13852	186	43	1	100	
20472	236	28	1	100	
27574	253	48	1	70	
24265	106	34	1	100	
26869	217	39	1	100	
11897	221	28	1	130	
18566	270	24	1	100	
26437	413	39	1	70	
23352	164	43	1	130	
21432	420	23	1	130	
21841	164	24	1	130	
16992	377	29	1	130	
25415	369	24	1	130	
24770	249	34	1	70	
13786	362	23	1	70	
14279	221	32	1	70	
12326	179	42	1	130	
17807	288	37	1	130	
16963	211	36	1	130	
26282	407	34	1	130	
22380	246	37	1	100	
29338	476	50	1	100	
22940	304	43	1	100	
16076	209	28	1	70	
14128	385	25	1	70	
17021	315	34	1	100	
24906	230	26	1	130	
18060	189	26	1	70	
27890	423	21	1	130	
24721	394	36	1	130	
10687	405	39	1	70	
18794	407	20	1	130	
14296	109	38	1	100	
18688	359	28	1	130	
26474	290	31	1	100	
23840	152	44	1	100	
18657	158	24	1	100	
27672	232	33	1	130	
13223	187	23	1	70	
23010	252	46	1	130	
15462	316	27	1	100	
11974	121	48	1	70	
24543	490	20	1	100	
26931	104	25	1	70	
29144	245	22	1	130	
18097	324	43	1	130	
19137	246	27	1	130	
25444	403	49	1	130	
26282	388	49	1	130	
18893	442	39	1	130	
13249	177	23	1	100	
12650	389	46	1	130	
15706	322	27	1	70	
20051	210	49	1	130	
24516	372	38	1	130	
23101	264	46	1	130	
13157	123	45	1	70	
19958	299	42	1	130	
12778	363	26	1	130	
13868	320	49	1	70	
14218	271	38	1	70	
12951	112	26	1	130	
29623	237	50	1	70	
