length filesize output_filesize CPU_demand deadline 
14950	465	37	1	20	
11387	166	33	1	30	
18103	106	25	1	10	
19309	301	27	1	10	
12737	396	35	1	20	
25768	286	22	1	20	
27049	322	27	1	30	
28128	278	43	1	30	
21523	264	40	1	20	
19929	254	38	1	20	
22659	440	49	1	20	
25161	498	24	1	10	
23906	250	39	1	20	
26246	210	21	1	30	
15529	474	50	1	20	
18151	204	31	1	30	
18322	431	43	1	30	
28156	480	35	1	10	
17632	287	35	1	30	
18708	201	44	1	30	
25337	311	33	1	10	
19850	191	37	1	10	
13470	332	31	1	20	
25291	314	31	1	20	
29661	122	49	1	10	
26189	400	24	1	20	
10685	396	29	1	10	
23909	488	23	1	10	
16634	236	50	1	10	
21283	288	46	1	10	
21726	379	33	1	20	
13462	100	45	1	20	
22211	348	35	1	30	
14504	171	24	1	10	
24839	372	44	1	10	
16296	202	37	1	30	
26961	463	43	1	30	
26009	218	41	1	10	
14436	408	27	1	10	
25597	323	44	1	30	
19971	150	48	1	10	
17900	383	48	1	10	
12988	436	45	1	10	
13467	372	41	1	20	
18695	223	39	1	20	
27334	402	29	1	10	
10956	469	46	1	20	
21387	282	40	1	30	
13401	436	31	1	10	
26013	398	24	1	10	
26135	254	35	1	10	
24897	114	23	1	20	
11494	302	36	1	10	
10475	386	25	1	20	
20392	425	31	1	20	
18993	194	21	1	20	
17284	212	25	1	20	
22880	206	28	1	20	
21310	258	22	1	10	
14401	282	39	1	20	
11798	492	28	1	10	
17420	333	32	1	10	
24458	329	46	1	10	
10452	325	45	1	10	
26378	231	21	1	20	
25813	454	30	1	10	
28190	141	34	1	20	
10237	102	34	1	20	
23178	177	44	1	30	
11101	239	24	1	10	
14035	340	42	1	20	
17894	224	45	1	20	
28573	328	39	1	10	
16256	304	29	1	30	
27543	374	40	1	20	
18631	284	47	1	30	
22068	206	21	1	30	
26004	174	31	1	20	
28056	193	25	1	20	
17555	433	25	1	20	
12684	209	40	1	30	
29594	142	41	1	10	
15246	282	41	1	20	
21598	303	28	1	10	
23603	384	27	1	30	
11878	311	50	1	30	
11904	485	30	1	30	
13161	447	32	1	20	
16982	163	35	1	10	
11754	254	20	1	30	
26865	109	44	1	20	
19222	286	35	1	10	
25915	155	40	1	20	
21324	223	34	1	30	
17973	413	48	1	30	
29418	214	22	1	10	
28050	341	29	1	30	
28441	229	42	1	30	
23519	251	48	1	30	
24197	182	25	1	20	
23746	292	37	1	20	
17342	352	32	1	20	
12199	369	40	1	10	
29400	345	42	1	20	
14722	344	49	1	30	
27815	376	47	1	20	
11900	426	25	1	20	
25664	489	47	1	10	
18364	286	46	1	30	
27337	182	45	1	10	
23553	499	27	1	10	
18877	356	24	1	30	
23338	119	45	1	30	
27857	455	22	1	30	
29200	468	45	1	10	
16514	121	28	1	20	
14667	143	40	1	30	
27015	419	23	1	30	
16543	168	44	1	30	
17535	110	22	1	20	
18142	237	49	1	10	
18830	190	46	1	30	
14811	179	43	1	20	
21741	342	29	1	20	
22195	483	37	1	20	
16796	379	38	1	10	
12347	499	31	1	30	
27617	412	30	1	30	
24565	127	22	1	30	
25745	121	33	1	10	
17789	398	44	1	10	
28682	143	50	1	10	
27385	113	40	1	10	
18009	209	32	1	30	
14875	198	38	1	30	
19292	351	26	1	10	
11503	233	32	1	10	
10169	328	37	1	30	
17756	101	44	1	10	
16498	255	20	1	10	
13672	381	34	1	30	
22914	226	48	1	30	
21957	248	36	1	30	
24544	113	37	1	10	
16571	312	50	1	20	
22403	216	29	1	30	
12492	391	49	1	30	
15716	226	46	1	20	
18659	467	26	1	30	
20388	211	31	1	30	
19195	462	39	1	20	
29202	428	26	1	10	
13728	394	38	1	30	
12917	214	29	1	10	
11154	179	41	1	30	
23975	480	37	1	10	
17535	172	40	1	20	
22251	124	22	1	20	
28728	425	30	1	30	
19225	110	41	1	20	
27071	378	48	1	20	
19166	428	26	1	10	
18569	481	31	1	10	
19181	475	35	1	30	
12121	258	29	1	20	
28222	294	21	1	20	
25396	495	35	1	30	
14822	235	50	1	30	
16428	373	48	1	30	
17101	407	47	1	10	
15569	401	41	1	20	
23178	223	33	1	10	
21524	231	26	1	10	
20160	249	42	1	20	
28434	412	28	1	30	
22208	419	44	1	30	
26528	309	29	1	10	
14780	310	38	1	20	
10727	377	29	1	10	
28847	427	47	1	10	
28428	298	41	1	30	
20211	382	47	1	10	
18093	199	28	1	30	
14729	489	43	1	30	
11653	371	46	1	20	
13194	314	38	1	30	
26322	416	48	1	20	
19427	118	46	1	20	
21351	320	37	1	10	
14149	156	25	1	10	
18451	465	21	1	30	
22781	317	20	1	30	
24659	160	24	1	30	
27150	445	41	1	20	
22425	224	48	1	10	
23187	271	48	1	10	
22571	223	28	1	30	
14738	271	40	1	20	
19117	126	41	1	10	
19467	207	50	1	10	
